26.97677066206933 1.7856677566394996 
27.47677066206933 1.2856677566394996 
27.47677066206933 0.7856677566394996 
27.97677066206933 0.2856677566394996 
27.97677066206933 -0.21433224336050039 
27.97677066206933 -0.7143322433605004 
27.47677066206933 -1.2143322433605004 
26.97677066206933 -1.7143322433605004 
26.47677066206933 -2.2143322433605004 
25.97677066206933 -2.7143322433605004 
25.47677066206933 -2.7143322433605004 
24.97677066206933 -2.7143322433605004 
24.47677066206933 -2.7143322433605004 
23.97677066206933 -3.2143322433605004 
23.47677066206933 -3.7143322433605004 
22.97677066206933 -4.2143322433605 
22.47677066206933 -4.7143322433605 
22.47677066206933 -5.2143322433605 
21.97677066206933 -5.7143322433605 
21.47677066206933 -6.2143322433605 
20.97677066206933 -6.7143322433605 
20.47677066206933 -6.7143322433605 
19.97677066206933 -6.7143322433605 
19.47677066206933 -6.7143322433605 
18.97677066206933 -6.7143322433605 
